grasp_center: [-0.03025059 -0.48056735  1.27421847]
grasp_center: [ 0.07389197 -0.47610842  1.29702099]
grasp_center: [-1.89983949e-05 -4.79272963e-01  1.28401262e+00]
grasp_center: [-0.06438644 -0.4820289   1.26765342]
grasp_center: [-0.08019204 -0.48270563  1.27304476]
grasp_center: [ 0.01409739 -0.47866856  1.27193858]
grasp_center: [-0.05959929 -0.48182393  1.29363666]
grasp_center: [-0.00917196 -0.47966485  1.26826658]
grasp_center: [-0.04432826 -0.48117009  1.28586462]
grasp_center: [ 0.0588924  -0.47675063  1.30581511]
grasp_center: [-0.0705853  -0.48229431  1.28987454]
grasp_center: [ 0.02424469 -0.4782341   1.28025482]
grasp_center: [-0.00755973 -0.47959582  1.27040072]
grasp_center: [-0.03545544 -0.4807902   1.29113967]
grasp_center: [-0.08007287 -0.48270052  1.29384731]
grasp_center: [-0.04622998 -0.48125152  1.28018499]
grasp_center: [-0.08443439 -0.48288727  1.3078566 ]
grasp_center: [ 0.02033673 -0.47840142  1.29089149]
grasp_center: [-0.07214459 -0.48236107  1.27458763]
grasp_center: [-0.10557829 -0.48379256  1.2943582 ]
grasp_center: [-0.01092411 -0.47973987  1.26846412]
grasp_center: [-0.0691145  -0.48223133  1.27414429]
grasp_center: [ 0.01696123 -0.47854594  1.28521955]
grasp_center: [ 0.05967947 -0.47671693  1.28274442]
grasp_center: [ 0.04579599 -0.47731136  1.28395963]
grasp_center: [ 0.03763878 -0.47766062  1.29107153]
grasp_center: [ 0.0029906  -0.47914411  1.27236218]
grasp_center: [-0.06468529 -0.48204169  1.28726899]
grasp_center: [-0.02770337 -0.48045829  1.3047298 ]
grasp_center: [ 0.04753975 -0.4772367   1.30466931]
grasp_center: [-0.04621134 -0.48125072  1.27669571]
grasp_center: [ 0.00402658 -0.47909975  1.29728504]
grasp_center: [ 0.02172723 -0.47834188  1.26897111]
grasp_center: [ 0.02981178 -0.47799574  1.29222079]
grasp_center: [-0.05080422 -0.48144737  1.29225164]
grasp_center: [-0.05497268 -0.48162584  1.28742593]
grasp_center: [-0.01237346 -0.47980193  1.28956512]
grasp_center: [-0.00804234 -0.47961649  1.29490873]
grasp_center: [-0.03626417 -0.48082482  1.29382862]
grasp_center: [ 0.07457915 -0.47607899  1.28145782]
grasp_center: [ 0.04599511 -0.47730284  1.27342823]
grasp_center: [-8.52511654e-04 -4.79308651e-01  1.27475308e+00]
grasp_center: [-0.01653096 -0.47997993  1.29064032]
grasp_center: [ 0.07398068 -0.47610462  1.28141768]
grasp_center: [-0.04565085 -0.48122672  1.29482467]
grasp_center: [-0.01522034 -0.47992382  1.27057977]
grasp_center: [-0.11739247 -0.48429839  1.29106411]
grasp_center: [ 0.01491562 -0.47863353  1.26750384]
grasp_center: [-0.05740328 -0.48172991  1.30633652]
grasp_center: [-0.02344608 -0.48027601  1.27201233]
grasp_center: [ 0.02209725 -0.47832604  1.27152365]
grasp_center: [-0.04803989 -0.48132901  1.29577699]
grasp_center: [-0.02127949 -0.48018325  1.29763531]
grasp_center: [-0.00703036 -0.47957316  1.27082441]
grasp_center: [-0.05376217 -0.48157401  1.2720651 ]
grasp_center: [ 0.00613638 -0.47900942  1.26954357]
grasp_center: [ 0.03696881 -0.47768931  1.27110983]
grasp_center: [-0.05440273 -0.48160144  1.2686119 ]
grasp_center: [-0.0677728  -0.48217389  1.27790457]
grasp_center: [ 0.00808192 -0.47892612  1.26755822]
grasp_center: [-0.0091859  -0.47966545  1.27942654]
grasp_center: [-0.02880664 -0.48050553  1.2888248 ]
grasp_center: [-0.03734258 -0.480871    1.28721948]
grasp_center: [ 0.02160973 -0.47834691  1.30878581]
grasp_center: [ 0.04520181 -0.4773368   1.26971372]
grasp_center: [-0.06260991 -0.48195284  1.26807849]
grasp_center: [-0.10572599 -0.48379888  1.28811332]
grasp_center: [-0.1056275  -0.48379466  1.29036708]
grasp_center: [-0.0535249  -0.48156385  1.29011013]
grasp_center: [-0.02354505 -0.48028025  1.2724091 ]
grasp_center: [-0.02429992 -0.48031257  1.2675487 ]
grasp_center: [-0.03918883 -0.48095005  1.26878888]
grasp_center: [-0.04512309 -0.48120413  1.27370834]
grasp_center: [-0.0724745  -0.48237519  1.30787778]
grasp_center: [-0.11868006 -0.48435352  1.28812647]
grasp_center: [-0.007596   -0.47959738  1.26997222]
grasp_center: [-0.0277152  -0.48045879  1.28564588]
grasp_center: [-0.01761794 -0.48002647  1.26793747]
grasp_center: [-0.02333352 -0.48027119  1.29245412]
grasp_center: [-0.03324788 -0.48069568  1.27361648]
grasp_center: [-0.03260721 -0.48066825  1.30198537]
grasp_center: [-0.04866998 -0.48135599  1.299232  ]
grasp_center: [-0.0502042  -0.48142168  1.2994501 ]
grasp_center: [-0.09178485 -0.48320198  1.28841937]
grasp_center: [-0.09851921 -0.48349032  1.3099054 ]
grasp_center: [-0.00201694 -0.47935851  1.30069419]
grasp_center: [-0.02633532 -0.48039971  1.27340133]
grasp_center: [ 0.02347757 -0.47826694  1.26718784]
grasp_center: [ 0.0195711  -0.4784342   1.28321022]
grasp_center: [-0.04057339 -0.48100933  1.26978817]
grasp_center: [-0.02164005 -0.48019868  1.29947011]
grasp_center: [-0.00538744 -0.47950282  1.27031417]
grasp_center: [ 0.02594022 -0.4781615   1.31005851]
grasp_center: [-0.05181686 -0.48149072  1.29235401]
grasp_center: [-0.00656629 -0.47955329  1.29530013]
grasp_center: [-0.1194651  -0.48438713  1.27749248]
grasp_center: [-0.00812559 -0.47962005  1.26741315]
grasp_center: [-0.0762544  -0.48253703  1.2846434 ]
grasp_center: [-0.00385547 -0.47943722  1.29795839]
grasp_center: [ 0.03601913 -0.47772997  1.2724869 ]
grasp_center: [-2.28293930e-04 -4.79281925e-01  1.30643722e+00]
grasp_center: [ 0.03476465 -0.47778368  1.28426118]
grasp_center: [-0.03219036 -0.4806504   1.26982573]
grasp_center: [-0.11510515 -0.48420045  1.26765864]
grasp_center: [-0.0217837  -0.48020483  1.27128495]
grasp_center: [ 0.03953034 -0.47757963  1.28960971]
grasp_center: [-0.10239638 -0.48365632  1.28153353]
grasp_center: [-0.00528643 -0.47949849  1.29119123]
grasp_center: [-0.02030965 -0.48014172  1.26706919]
grasp_center: [ 0.04823554 -0.47720691  1.28763931]
grasp_center: [-0.08941401 -0.48310047  1.29805853]
grasp_center: [-0.04424205 -0.4811664   1.28040187]
grasp_center: [ 0.04423096 -0.47737837  1.28519206]
grasp_center: [-0.07345585 -0.48241721  1.30707515]
grasp_center: [-0.08805985 -0.48304249  1.27589006]
grasp_center: [-0.01159059 -0.47976841  1.28130987]
grasp_center: [-0.07001475 -0.48226988  1.27986851]
grasp_center: [-0.05458088 -0.48160907  1.27808425]
grasp_center: [-0.00885601 -0.47965133  1.29280788]
grasp_center: [ 0.00744849 -0.47895324  1.27141348]
grasp_center: [-0.1123343  -0.48408182  1.30618248]
grasp_center: [ 0.03892748 -0.47760544  1.27060379]
grasp_center: [-0.08365183 -0.48285376  1.26948828]
grasp_center: [ 0.00311955 -0.47913858  1.2753314 ]
grasp_center: [-0.03076664 -0.48058944  1.27102298]
grasp_center: [-0.03417352 -0.48073531  1.30792818]
grasp_center: [-0.00976573 -0.47969028  1.26770822]
grasp_center: [ 0.02619042 -0.47815079  1.30903163]
grasp_center: [-0.05324501 -0.48155187  1.26752809]
grasp_center: [-0.01143776 -0.47976187  1.30376539]
grasp_center: [-0.09146621 -0.48318834  1.29059126]
grasp_center: [-0.10999234 -0.48398155  1.30227643]
grasp_center: [ 0.05681237 -0.47683969  1.28756138]
grasp_center: [ 0.09794409 -0.47507861  1.28018059]
grasp_center: [ 0.03733868 -0.47767347  1.26827855]
grasp_center: [-0.03395396 -0.48072591  1.27189395]
grasp_center: [-0.05995171 -0.48183902  1.26996113]
grasp_center: [ 0.01343058 -0.47869711  1.29159057]
grasp_center: [ 0.01588049 -0.47859222  1.26772597]
grasp_center: [-0.01931958 -0.48009933  1.30151972]
grasp_center: [-0.06720112 -0.48214941  1.27221636]
grasp_center: [ 0.00257959 -0.4791617   1.26822534]
grasp_center: [-0.05507478 -0.48163021  1.27930975]
grasp_center: [-0.03505293 -0.48077296  1.27064017]
grasp_center: [-0.03612152 -0.48081872  1.27977604]
grasp_center: [ 0.05948371 -0.47672531  1.28111961]
grasp_center: [-0.03252234 -0.48066462  1.26930938]
grasp_center: [-0.0122633  -0.47979721  1.277207  ]
grasp_center: [ 0.01880364 -0.47846706  1.28267023]
grasp_center: [-0.0309958  -0.48059926  1.29066852]
grasp_center: [-0.15699137 -0.48599384  1.30526065]
grasp_center: [-0.06451259 -0.4820343   1.28200028]
grasp_center: [ 0.02196839 -0.47833156  1.28921117]
grasp_center: [ 0.01674414 -0.47855524  1.27488858]
grasp_center: [-0.02478191 -0.4803332   1.27372271]
grasp_center: [-0.05286272 -0.4815355   1.28262184]
grasp_center: [-0.04619052 -0.48124983  1.27274179]
grasp_center: [-0.04139868 -0.48104466  1.27605499]
grasp_center: [ 0.03827678 -0.4776333   1.29227214]
grasp_center: [-0.00631356 -0.47954247  1.31006216]
grasp_center: [-0.02480898 -0.48033436  1.28820369]
grasp_center: [-0.03694784 -0.4808541   1.29661772]
grasp_center: [ 0.01291348 -0.47871925  1.30669384]
grasp_center: [-0.05549983 -0.48164841  1.29341681]
grasp_center: [ 0.03203215 -0.47790067  1.30057663]
grasp_center: [ 0.01708961 -0.47854045  1.27838096]
grasp_center: [-0.15137589 -0.48575341  1.28860919]
grasp_center: [-0.06723113 -0.4821507   1.28954086]
grasp_center: [-0.03762419 -0.48088306  1.27868683]
grasp_center: [ 0.01762002 -0.47851774  1.30299301]
grasp_center: [-0.06835931 -0.482199    1.2859798 ]
grasp_center: [-0.01572654 -0.47994549  1.30900882]
grasp_center: [ 0.01145055 -0.47878189  1.29883488]
grasp_center: [-0.03829516 -0.48091178  1.27479105]
grasp_center: [ 0.06346583 -0.47655482  1.30537723]
grasp_center: [-0.01038041 -0.47971659  1.28846313]
grasp_center: [-0.07959765 -0.48268018  1.29166582]
grasp_center: [-0.05315871 -0.48154818  1.26930217]
grasp_center: [-0.06915232 -0.48223295  1.26751014]
grasp_center: [-0.0102194  -0.4797097   1.28909994]
grasp_center: [-0.07032498 -0.48228316  1.27621077]
grasp_center: [-0.01939289 -0.48010247  1.28804062]
grasp_center: [ 0.05371385 -0.47697236  1.30786461]
grasp_center: [ 0.05233757 -0.47703128  1.27790102]
grasp_center: [-0.03701694 -0.48085706  1.28469855]
grasp_center: [ 0.03055292 -0.47796401  1.27739964]
grasp_center: [ 0.03596017 -0.47773249  1.27629912]
grasp_center: [-0.00244321 -0.47937676  1.28773698]
grasp_center: [-0.00133321 -0.47932923  1.30851756]
grasp_center: [-0.0924864  -0.48323202  1.27166108]
grasp_center: [-0.03594189 -0.48081103  1.29790328]
grasp_center: [ 0.01453733 -0.47864972  1.2710849 ]
grasp_center: [ 0.07331259 -0.47613322  1.28523708]
grasp_center: [ 0.01246097 -0.47873863  1.30115541]
grasp_center: [-0.02004839 -0.48013054  1.30827334]
grasp_center: [-0.02569428 -0.48037227  1.30461317]
grasp_center: [ 0.05029256 -0.47711884  1.27127198]
grasp_center: [ 0.07585524 -0.47602436  1.26765466]
grasp_center: [-0.05707775 -0.48171597  1.30965421]
grasp_center: [-0.08542615 -0.48292973  1.26746146]
grasp_center: [-0.01874024 -0.48007453  1.27150389]
grasp_center: [-0.01136877 -0.47975891  1.28444838]
grasp_center: [-0.07570544 -0.48251353  1.2735184 ]
grasp_center: [ 0.00978269 -0.4788533   1.28149558]
grasp_center: [ 0.00572726 -0.47902693  1.27121994]
grasp_center: [-0.01638244 -0.47997358  1.2692635 ]
grasp_center: [-0.04890671 -0.48136612  1.28060158]
grasp_center: [-0.03537542 -0.48078677  1.28290524]
grasp_center: [-0.04982195 -0.48140531  1.28652823]
grasp_center: [ 0.02400244 -0.47824447  1.30933718]
grasp_center: [ 0.09419502 -0.47523913  1.2805934 ]
grasp_center: [-0.01599884 -0.47995715  1.27473157]
grasp_center: [-0.02802484 -0.48047205  1.26746253]
grasp_center: [ 0.05700769 -0.47683133  1.30812475]
grasp_center: [-0.06835334 -0.48219874  1.28941541]
grasp_center: [-0.03425892 -0.48073897  1.2928599 ]
grasp_center: [-0.03042116 -0.48057465  1.28614635]
grasp_center: [-0.05947983 -0.48181882  1.27118291]
grasp_center: [-0.02837975 -0.48048725  1.26933902]
grasp_center: [ 1.50238413e-04 -4.79265717e-01  1.28735385e+00]
grasp_center: [-0.01989398 -0.48012392  1.26759898]
grasp_center: [ 0.08131064 -0.47579078  1.28481571]
grasp_center: [-0.07722298 -0.4825785   1.28432567]
grasp_center: [-1.03094374e-03 -4.79316291e-01  1.29550000e+00]
grasp_center: [-1.44358357e-04 -4.79278331e-01  1.28634934e+00]
grasp_center: [-0.05133653 -0.48147016  1.29497173]
grasp_center: [-0.02015394 -0.48013505  1.28813661]
grasp_center: [ 0.02123856 -0.47836281  1.27983729]
grasp_center: [-0.03156161 -0.48062348  1.28614968]
grasp_center: [-0.07223053 -0.48236475  1.27284621]
grasp_center: [-0.04002252 -0.48098574  1.30519642]
grasp_center: [-0.05894239 -0.48179581  1.27978427]
grasp_center: [ 0.05985459 -0.47670944  1.26849086]
grasp_center: [ 0.04473966 -0.47735659  1.28284848]
grasp_center: [-0.04199594 -0.48107023  1.29331651]
grasp_center: [-0.00477672 -0.47947667  1.30075248]
grasp_center: [-0.01104771 -0.47974517  1.27727469]
grasp_center: [-0.07363263 -0.48242478  1.28177381]
grasp_center: [-5.21303664e-04 -4.79294470e-01  1.26808367e+00]
grasp_center: [-0.02457834 -0.48032449  1.29431284]
grasp_center: [-0.06169303 -0.48191358  1.29119413]
grasp_center: [-0.00709495 -0.47957593  1.2913004 ]
grasp_center: [-0.08366097 -0.48285415  1.29280983]
grasp_center: [-0.00483714 -0.47947926  1.28936967]
grasp_center: [-0.04566816 -0.48122746  1.27976856]
grasp_center: [ 0.03785618 -0.47765131  1.30582852]
grasp_center: [-0.14177806 -0.48534247  1.28128128]
grasp_center: [-0.05194663 -0.48149628  1.27067254]
grasp_center: [-0.00611786 -0.47953409  1.27052601]
grasp_center: [-0.10742006 -0.48387141  1.28530366]
grasp_center: [ 0.01455854 -0.47864882  1.27716674]
grasp_center: [-0.01010129 -0.47970464  1.29196437]
grasp_center: [ 0.01365506 -0.4786875   1.30012314]
grasp_center: [-0.02727852 -0.4804401   1.26968294]
grasp_center: [ 0.09023111 -0.47540884  1.30342568]
grasp_center: [-0.03410659 -0.48073245  1.28896276]
grasp_center: [-0.02199126 -0.48021372  1.29169356]
grasp_center: [-0.06603765 -0.4820996   1.27329908]
grasp_center: [-0.02912906 -0.48051933  1.29003881]
grasp_center: [-0.01577766 -0.47994768  1.26740096]
grasp_center: [ 0.05424761 -0.4769495   1.2719441 ]
grasp_center: [ 0.10942049 -0.47458724  1.27959389]
grasp_center: [ 0.05886143 -0.47675196  1.28059802]
grasp_center: [-0.090333   -0.48313982  1.30072935]
grasp_center: [-0.01131204 -0.47975648  1.27172939]
grasp_center: [-0.04336275 -0.48112876  1.26945062]
grasp_center: [-0.09948061 -0.48353148  1.27296596]
grasp_center: [-0.01069315 -0.47972998  1.28056953]
grasp_center: [-0.01442524 -0.47988978  1.28148392]
grasp_center: [-0.07689269 -0.48256436  1.27775378]
grasp_center: [-0.04286913 -0.48110762  1.26729094]
grasp_center: [-0.0304714  -0.4805768   1.28329204]
grasp_center: [-0.0227588  -0.48024658  1.27516385]
grasp_center: [-0.00917862 -0.47966514  1.29763462]
grasp_center: [-0.01403789 -0.47987319  1.28064674]
grasp_center: [-0.06530734 -0.48206833  1.28604828]
grasp_center: [-0.01755837 -0.48002392  1.2962932 ]
grasp_center: [-0.01667711 -0.47998619  1.30291818]
grasp_center: [-0.04053675 -0.48100776  1.29495748]
grasp_center: [-0.07956848 -0.48267893  1.30168232]
grasp_center: [-0.04382164 -0.4811484   1.27744974]
grasp_center: [-0.06226506 -0.48193807  1.26963328]
grasp_center: [-0.03273475 -0.48067371  1.27359376]
grasp_center: [-0.00884903 -0.47965103  1.27025656]
grasp_center: [-0.03259858 -0.48066788  1.27937101]
grasp_center: [-0.02370383 -0.48028705  1.27414109]
grasp_center: [ 0.05367364 -0.47697408  1.28211829]
grasp_center: [-0.05290639 -0.48153737  1.28149003]
grasp_center: [-0.08206429 -0.48278579  1.28002865]
grasp_center: [ 0.02216227 -0.47832326  1.28523033]
grasp_center: [-0.08434081 -0.48288326  1.30654896]
grasp_center: [-0.04251237 -0.48109235  1.29756712]
grasp_center: [-0.01417864 -0.47987922  1.27056253]
grasp_center: [ 0.04025134 -0.47754876  1.28136367]
grasp_center: [-0.02483401 -0.48033543  1.27418465]
grasp_center: [ 0.0128294  -0.47872285  1.26746445]
grasp_center: [-0.02499301 -0.48034224  1.28267918]
grasp_center: [-0.08532635 -0.48292545  1.30065816]
grasp_center: [-0.04963138 -0.48139715  1.3011921 ]
grasp_center: [ 0.00303742 -0.4791421   1.2753636 ]
grasp_center: [-0.00847644 -0.47963507  1.28584704]
grasp_center: [-0.09067251 -0.48315435  1.27013301]
grasp_center: [-0.02700719 -0.48042848  1.2697659 ]
grasp_center: [-0.0331524  -0.48069159  1.2731114 ]
grasp_center: [ 0.03419592 -0.47780803  1.30626726]
grasp_center: [-0.04007304 -0.4809879   1.27159901]
grasp_center: [ 0.00257727 -0.4791618   1.29876978]
grasp_center: [-0.01367663 -0.47985772  1.27013497]
grasp_center: [-0.09464093 -0.48332426  1.2786654 ]
grasp_center: [ 0.02539228 -0.47818496  1.3028696 ]
grasp_center: [ 0.05700754 -0.47683133  1.2750979 ]
grasp_center: [-0.01166228 -0.47977148  1.27975398]
grasp_center: [-0.13629196 -0.48510758  1.28057604]
grasp_center: [-0.01532226 -0.47992818  1.29534207]
grasp_center: [-0.08712454 -0.48300245  1.28447588]
grasp_center: [-0.00345225 -0.47941996  1.29874125]
grasp_center: [ 0.04167218 -0.47748793  1.26856247]
grasp_center: [-0.12545003 -0.48464338  1.299818  ]
grasp_center: [-0.01692706 -0.47999689  1.29704067]
grasp_center: [ 0.01905298 -0.47845638  1.28054544]
grasp_center: [ 0.06386363 -0.47653779  1.28221101]
grasp_center: [ 0.03841877 -0.47762722  1.28740687]
grasp_center: [ 0.00793817 -0.47893227  1.26790533]
grasp_center: [ 0.02679197 -0.47812503  1.30387518]
grasp_center: [ 0.01844662 -0.47848235  1.30364852]
grasp_center: [ 0.01507679 -0.47862663  1.28089065]
grasp_center: [ 0.0117332  -0.47876979  1.28482681]
grasp_center: [-0.06039343 -0.48185794  1.28005005]
grasp_center: [-0.00944885 -0.47967671  1.27249298]
grasp_center: [-0.0216599  -0.48019953  1.28881791]
grasp_center: [-0.08596038 -0.4829526   1.29387402]
grasp_center: [-0.03641402 -0.48083124  1.27742909]
grasp_center: [-0.02465387 -0.48032772  1.28650496]
grasp_center: [-0.04646088 -0.4812614   1.28087428]
grasp_center: [ 0.03705487 -0.47768562  1.26794482]
grasp_center: [-0.08692709 -0.48299399  1.30299885]
grasp_center: [-0.03751747 -0.48087849  1.28163253]
grasp_center: [-0.04702677 -0.48128563  1.30143417]
grasp_center: [-0.07125678 -0.48232306  1.27290354]
grasp_center: [ 0.04601134 -0.47730214  1.28665226]
grasp_center: [ 0.02190438 -0.4783343   1.30672434]
grasp_center: [-0.00376075 -0.47943317  1.26755949]
grasp_center: [-0.03498483 -0.48077005  1.26712153]
grasp_center: [-0.08124285 -0.48275062  1.30666226]
grasp_center: [-0.0138261  -0.47986412  1.26831353]
grasp_center: [-0.08544991 -0.48293075  1.29914731]
grasp_center: [-0.01194072 -0.4797834   1.27902949]
grasp_center: [ 0.02375702 -0.47825498  1.29805922]
grasp_center: [-0.03706742 -0.48085922  1.29379335]
grasp_center: [-0.07791027 -0.48260793  1.27139987]
grasp_center: [-0.09668253 -0.48341168  1.28692074]
grasp_center: [-0.02941734 -0.48053167  1.29930838]
grasp_center: [-0.06788679 -0.48217877  1.29805129]
grasp_center: [-0.0044113  -0.47946102  1.29315197]
grasp_center: [-0.03514739 -0.48077701  1.29026072]
grasp_center: [ 0.01558946 -0.47860468  1.30308439]
grasp_center: [-0.04284482 -0.48110658  1.27098521]
grasp_center: [-0.00502554 -0.47948732  1.3089644 ]
grasp_center: [-0.12546586 -0.48464405  1.28488286]
grasp_center: [-0.01772456 -0.48003104  1.27946813]
grasp_center: [-0.00216674 -0.47936492  1.27538966]
grasp_center: [-0.09199027 -0.48321078  1.28427083]
grasp_center: [-0.00899452 -0.47965726  1.27426442]
grasp_center: [-0.09552242 -0.48336201  1.30012978]
grasp_center: [-0.08933428 -0.48309706  1.28624539]
grasp_center: [-0.01076603 -0.4797331   1.27672331]
grasp_center: [-0.01284283 -0.47982202  1.30608904]
grasp_center: [-0.06504797 -0.48205722  1.29809079]
grasp_center: [-0.00892132 -0.47965412  1.28332731]
grasp_center: [-0.04292013 -0.4811098   1.30088591]
grasp_center: [-0.01388183 -0.47986651  1.27122889]
grasp_center: [-0.07106958 -0.48231504  1.2722891 ]
grasp_center: [ 0.02637128 -0.47814305  1.30577426]
grasp_center: [-0.10195072 -0.48363724  1.27776619]
grasp_center: [-0.07849274 -0.48263287  1.27036297]
grasp_center: [-0.03536497 -0.48078632  1.30917108]
grasp_center: [-0.0708275  -0.48230468  1.27994764]
grasp_center: [-0.09772292 -0.48345622  1.27289747]
grasp_center: [ 0.01451746 -0.47865058  1.29950952]
grasp_center: [-0.0196121  -0.48011186  1.27783618]
grasp_center: [-3.22627178e-04 -4.79285963e-01  1.30256975e+00]
grasp_center: [-0.02571522 -0.48037316  1.26897432]
grasp_center: [-0.03502974 -0.48077197  1.2835959 ]
grasp_center: [-0.03186711 -0.48063656  1.29803315]
grasp_center: [-0.01701326 -0.48000058  1.29144579]
grasp_center: [-0.11394312 -0.4841507   1.28058929]
grasp_center: [-0.0362756  -0.48082531  1.27255796]
grasp_center: [-0.00833503 -0.47962902  1.27043159]
grasp_center: [-0.07869625 -0.48264158  1.27788559]
grasp_center: [-0.05320364 -0.4815501   1.28025056]
grasp_center: [ 0.02666558 -0.47813045  1.28758238]
grasp_center: [-0.14038733 -0.48528293  1.28446918]
grasp_center: [-0.0277502  -0.48046029  1.29117482]
grasp_center: [-0.08153203 -0.482763    1.27722245]
grasp_center: [-0.01995345 -0.48012647  1.30575538]
grasp_center: [ 0.02128932 -0.47836063  1.27767988]
grasp_center: [ 0.03471374 -0.47778586  1.30079747]
grasp_center: [-0.03165484 -0.48062747  1.27307203]
grasp_center: [ 0.07721696 -0.47596605  1.26937993]
grasp_center: [-0.027289   -0.48044055  1.30610829]
grasp_center: [-0.08692773 -0.48299402  1.26740885]
grasp_center: [-0.02654454 -0.48040867  1.28515443]
grasp_center: [ 0.05945566 -0.47672652  1.28682275]
grasp_center: [-0.03939042 -0.48095868  1.30589924]
grasp_center: [ 0.01181364 -0.47876634  1.26929352]
grasp_center: [-0.07941853 -0.48267251  1.28268056]
grasp_center: [ 0.01080529 -0.47880951  1.27939829]
grasp_center: [-0.03731582 -0.48086985  1.28761407]
grasp_center: [-0.01563093 -0.4799414   1.3031176 ]
grasp_center: [-0.03096578 -0.48059797  1.28106473]
grasp_center: [-0.02369632 -0.48028672  1.28754553]
grasp_center: [ 0.00614814 -0.47900891  1.29813488]
grasp_center: [-0.07163986 -0.48233946  1.2785548 ]
grasp_center: [ 0.07461134 -0.47607762  1.26718357]
grasp_center: [ 0.05585991 -0.47688047  1.29178454]
grasp_center: [ 0.05664343 -0.47684692  1.28451692]
grasp_center: [-0.06460973 -0.48203846  1.30380825]
grasp_center: [ 0.00585598 -0.47902142  1.30376226]
grasp_center: [-0.09525655 -0.48335062  1.30703471]
grasp_center: [-0.04008603 -0.48098846  1.27566103]
grasp_center: [ 0.01846792 -0.47848143  1.26765263]
grasp_center: [ 0.05759446 -0.4768062   1.2678302 ]
grasp_center: [-0.06220836 -0.48193564  1.29244731]
grasp_center: [-0.09007283 -0.48312868  1.27030238]
grasp_center: [-0.08616211 -0.48296124  1.27527464]
grasp_center: [ 0.00419268 -0.47909264  1.27498283]
grasp_center: [-0.08049108 -0.48271843  1.26740816]
grasp_center: [-0.09578587 -0.48337329  1.2924336 ]
grasp_center: [-0.05212888 -0.48150408  1.26718755]
grasp_center: [-0.05545963 -0.48164669  1.29088923]
grasp_center: [ 0.01624494 -0.47857661  1.29533698]
grasp_center: [ 0.01047276 -0.47882375  1.28682301]
grasp_center: [-0.00789862 -0.47961033  1.30671086]
grasp_center: [ 0.00666458 -0.4789868   1.30963923]
grasp_center: [-0.00226867 -0.47936928  1.30313897]
grasp_center: [-0.02232485 -0.480228    1.30634182]
grasp_center: [-0.00343724 -0.47941932  1.29273019]
grasp_center: [ 0.06450295 -0.47651041  1.30956367]
grasp_center: [ 0.00137631 -0.47921322  1.28850292]
grasp_center: [-0.08304292 -0.48282769  1.29358711]
grasp_center: [-0.04887509 -0.48136477  1.29019943]
grasp_center: [-0.01910527 -0.48009015  1.28823759]
grasp_center: [-0.03604008 -0.48081523  1.28689913]
grasp_center: [-0.09172089 -0.48319924  1.26731338]
grasp_center: [ 0.05857208 -0.47676435  1.28780322]
grasp_center: [-0.00968717 -0.47968691  1.29830093]
grasp_center: [-0.15071068 -0.48572493  1.28101138]
grasp_center: [-0.00600971 -0.47952946  1.30521507]
grasp_center: [-0.00522472 -0.47949585  1.30802994]
grasp_center: [-0.01929943 -0.48009847  1.28318102]
grasp_center: [-0.070285   -0.48228145  1.27540012]
grasp_center: [-0.00153866 -0.47933803  1.2750533 ]
grasp_center: [ 0.01514875 -0.47862355  1.27628988]
grasp_center: [-0.09487376 -0.48333423  1.29006678]
grasp_center: [-0.01991575 -0.48012486  1.29981829]
grasp_center: [ 0.00754017 -0.47894931  1.26707314]
grasp_center: [-0.12213449 -0.48450142  1.3070041 ]
grasp_center: [ 0.01855193 -0.47847784  1.27409962]
grasp_center: [-0.02277684 -0.48024736  1.30969245]
grasp_center: [-0.01675168 -0.47998938  1.28838639]
grasp_center: [-0.01362649 -0.47985558  1.28163119]
grasp_center: [-0.12959728 -0.48482094  1.30424294]
grasp_center: [-0.11570626 -0.48422619  1.26886178]
grasp_center: [-0.0468028  -0.48127604  1.28777821]
grasp_center: [-0.02387753 -0.48029448  1.28802864]
grasp_center: [-0.03318721 -0.48069308  1.29500712]
grasp_center: [-0.0864577  -0.48297389  1.26708421]
grasp_center: [-0.10727538 -0.48386522  1.267766  ]
grasp_center: [ 0.01959068 -0.47843336  1.2727046 ]
grasp_center: [-0.01327637 -0.47984059  1.26991543]
grasp_center: [-0.04276264 -0.48110306  1.27326411]
grasp_center: [-0.01114587 -0.47974937  1.29708616]
grasp_center: [-0.02024208 -0.48013883  1.27559317]
grasp_center: [-0.02025605 -0.48013943  1.28297437]
grasp_center: [ 0.03127273 -0.47793319  1.29765786]
grasp_center: [-0.11187976 -0.48406236  1.30361825]
grasp_center: [-0.00966707 -0.47968605  1.2946314 ]
grasp_center: [-0.03366533 -0.48071355  1.26746102]
grasp_center: [-0.0034465  -0.47941971  1.29981237]
grasp_center: [-0.08212673 -0.48278846  1.26853113]
grasp_center: [-0.10618605 -0.48381858  1.29921374]
grasp_center: [-0.0731617  -0.48240462  1.2759111 ]
grasp_center: [-0.04020461 -0.48099354  1.28076008]
grasp_center: [-0.01361523 -0.4798551   1.27920635]
grasp_center: [-0.06527167 -0.4820668   1.27716855]
grasp_center: [-0.07381725 -0.48243269  1.27467101]
grasp_center: [ 0.01965126 -0.47843077  1.27114651]
grasp_center: [-0.02485954 -0.48033653  1.28084944]
grasp_center: [ 0.00905966 -0.47888425  1.29253815]
grasp_center: [-0.00582113 -0.47952139  1.26788279]
grasp_center: [-0.08828691 -0.48305221  1.30741029]
grasp_center: [-0.0739787  -0.4824396   1.26917938]
grasp_center: [-0.00455493 -0.47946717  1.27215718]
grasp_center: [-0.03819616 -0.48090754  1.27699695]
grasp_center: [-0.06802193 -0.48218455  1.29581332]
grasp_center: [-0.064472   -0.48203256  1.27172742]
